2020010300
2020010800
2020011300
2020011800
2020012300
2020012800
2020020200
2020020700
2020021200
2020021700
2020022200
2020022700
2020030300
2020030800
2020031300
2020031800
2020032300
2020032800
2020040200
2020040700
2020041200
2020041700
2020042200
2020042700
2020050200
2020050700
2020051200
2020051700
2020052200
2020052700
2020060100
2020060600
2020061100
2020061600
2020062100
2020062600
2020070100
2020070600
2020071100
2020071600
2020072100
2020072600
2020073100
2020080500
2020081000
2020081500
2020082000
2020082500
2020083000
2020090400
2020090900
2020091400
2020091900
2020092400
2020092900
2020100400
2020100900
2020101400
2020101900
2020102400
2020102900
2020110300
2020110800
2020111300
2020111800
2020112300
2020112800
2020120300
2020120800
2020121300
2020121800
2020122300
2020122800
2021010200
2021010700
2021011200
