2020010300
2020010800
2020011300
2020011800
2020012300
2020012800
2020020200
2020020700
2020021200
2020021700
2020022200
2020022700
2020030300
2020030800
2020031300
2020031800
2020032300
2020032800
2020040200
2020040700
2020041200
2020041700
2020042200
2020042700
2020050200
2020050700
2020051200
2020051300
2020051400
2020051500
2020051600
2020051700
2020051800
2020051900
2020052000
2020052100
2020052200
2020052300
2020052400
2020052500
2020052600
2020052700
2020052800
2020052900
2020053000
2020053100
2020060100
2020060200
2020060300
2020060400
2020060500
2020060600
2020060700
2020060800
2020060900
2020061000
2020061100
2020061200
2020061300
2020061400
2020061500
2020061600
2020061700
2020061800
2020061900
2020062000
2020062100
2020062200
2020062300
2020062400
2020062500
2020062600
2020062700
2020062800
2020062900
2020063000
2020070100
2020070200
2020070300
2020070400
2020070500
2020070600
2020070700
2020070800
2020070900
2020071000
2020071100
2020071200
2020071300
2020071400
2020071500
2020071600
2020071700
2020071800
2020071900
2020072000
2020072100
2020072200
2020072300
2020072400
2020072500
2020072600
2020072700
2020072800
2020072900
2020073000
2020073100
2020080100
2020080200
2020080300
2020080400
2020080500
2020080600
2020080700
2020080800
2020080900
2020081000
2020081100
2020081200
2020081300
2020081400
2020081500
2020081600
2020081700
2020081800
2020081900
2020082000
2020082100
2020082200
2020082300
2020082400
2020082500
2020082600
2020082700
2020082800
2020082900
2020083000
2020083100
2020090100
2020090200
2020090300
2020090400
2020090500
2020090600
2020090700
2020090800
2020090900
2020091000
2020091100
2020091200
2020091300
2020091400
2020091500
2020091600
2020091700
2020091800
2020091900
2020092000
2020092100
2020092200
2020092300
2020092400
2020092500
2020092600
2020092700
2020092800
2020092900
2020093000
2020100100
2020100200
2020100300
2020100400
2020100500
2020100600
2020100700
2020100800
2020100900
2020101000
2020101100
2020101200
2020101300
2020101400
2020101500
2020101600
2020101700
2020101800
2020101900
2020102000
2020102100
2020102200
2020102300
2020102400
2020102500
2020102600
2020102700
2020102800
2020102900
2020103000
2020103100
2020110100
2020110200
2020110300
2020110400
2020110500
2020110600
2020110700
2020110800
2020110900
2020111000
2020111100
2020111200
2020111300
2020111400
2020111500
2020111600
2020111700
2020111800
2020111900
2020112000
2020112100
2020112200
2020112300
2020112400
2020112500
2020112600
2020112700
2020112800
2020112900
2020113000
2020120100
2020120200
2020120300
2020120400
2020120500
2020120600
2020120700
2020120800
2020120900
2020121000
2020121100
2020121200
2020121300
2020121400
2020121500
2020121600
2020121700
2020121800
2020121900
2020122000
2020122100
2020122200
2020122300
2020122400
2020122500
2020122600
2020122700
2020122800
2020122900
2020123000
2020123100
2021010100
2021010200
2021010300
2021010400
2021010500
2021010600
2021010700
2021010800
2021010900
2021011000
2021011100
2021011200
2021011300
2021011400
2021011500
2021011600
2021011700