2021011700
2021012200
2021012700
2021020100
2021020600
2021021100
2021021600
2021022100
2021022600
2021030300
2021030800
2021031300
2021031800
2021032300
2021032800
2021040200
2021040700
2021041200
2021041700
2021042200
2021042700
2021050200
2021050700
2021051200
2021051700
2021052200
2021052700
2021052800
2021052900
2021053000
2021053100
2021060100
2021060200
2021060300
2021060400
2021060500
2021060600
2021060700
2021060800
2021060900
2021061000
2021061100
2021061200
2021061300
2021061400
2021061500
2021061600
2021061700
2021061800
2021061900
2021062000
2021062100
2021062200
2021062300
2021062400
2021062500
2021062600
2021062700
2021062800
2021062900
2021063000
2021070100
2021070200
2021070300
2021070400
2021070500
2021070600
2021070700
2021070800
2021070900
2021071000
2021071100
2021071200
2021071300
2021071400
2021071500
2021071600
2021071700
2021071800
2021071900
2021072000
2021072100
2021072200
2021072300
2021072400
2021072500
2021072600
2021072700
2021072800
2021072900
2021073000
2021073100
2021080100
2021080200
2021080300
2021080400
2021080500
2021080600
2021080700
2021080800
2021080900
2021081000
2021081100
2021081200
2021081300
2021081400
2021081500
2021081600
2021081700
2021081800
2021081900
2021082000
2021082100
2021082200
2021082300
2021082400
2021082500
2021082600
2021082700
2021082800
2021082900
2021083000
2021083100
2021090100
2021090200
2021090300
2021090400
2021090500
2021090600
2021090700
2021090800
2021090900
2021091000
2021091100
2021091200
2021091300
2021091400
2021091500
2021091600
2021091700
2021091800
2021091900
2021092000
2021092100
2021092200
2021092300
2021092400
2021092500
2021092600
2021092700
2021092800
2021092900
2021093000
2021100100
2021100200
2021100300
2021100400
2021100500
2021100600
2021100700
2021100800
2021100900
2021101000
2021101100
2021101200
2021101300
2021101400
2021101500
2021101600
2021101700
2021101800
2021101900
2021102000
2021102100
2021102200
2021102300
2021102400
2021102500
2021102600
2021102700
2021102800
2021102900
2021103000
2021103100
2021110100
2021110200
2021110300
2021110400
2021110500
2021110600
2021110700
2021110800
2021110900
2021111000
2021111100
2021111200
2021111300
2021111400
2021111500
2021111600
2021111700
2021111800
2021111900
2021112000
2021112100
2021112200
2021112300
2021112400
2021112500
2021112600
2021112700
2021112800
2021112900
2021113000
2021120100
2021120200
2021120300
2021120400
2021120500
2021120600
2021120700
2021120800
2021120900
2021121000
2021121100
2021121200
2021121300
2021121400
2021121500
2021121600
2021121700
2021121800
2021121900
2021122000
2021122100
2021122200
2021122300
2021122400
2021122500
2021122600
2021122700
2021122800
2021122900
2021123000
2021123100
2022010100
2022010200
2022010300
2022010400
2022010500
2022010600
2022010700
2022010800
2022010900
2022011000
2022011100
2022011200
