2021011900
2021012100
2021012300
2021012500
2021012700
2021012900
2021013100
2021020200
2021020400
2021020600
2021020800
2021021000
2021021200
2021021400
2021021600
2021021800
2021022000
2021022200
2021022400
2021022600
2021022800
2021030200
2021030400
2021030600
2021030800
2021031000
2021031200
2021031400
2021031600
2021031800
2021032000
2021032200
2021032400
2021032600
2021032800
2021033000
2021040100
2021040300
2021040500
2021040700
2021040900
2021041100
2021041300
2021041500
2021041700
2021041900
2021042100
2021042300
2021042500
2021042700
2021042900
2021050100
2021050300
2021050500
2021050700
2021050900
2021051100
2021051300
2021051500
2021051700
2021051900
2021052100
2021052300
2021052500
2021052700
2021052900
2021053100
2021060200
2021060400
2021060600
2021060800
2021061000
2021061200
2021061400
2021061600
2021061800
2021062000
2021062200
2021062400
2021062600
2021062800
2021063000
2021070200
2021070400
2021070500
2021070700
2021070800
2021071000
2021071200
2021071400
2021071600
2021071800
2021072000
2021072200
2021072400
2021072600
2021072800
2021073000
2021080100
2021080300
2021080500
2021080700
2021080900
2021081100
2021081300
2021081500
2021081700
2021081900
2021082100
2021082300
2021082500
2021082700
2021082900
2021083100
2021090200
2021090400
2021090600
2021090800
2021091000
2021091200
2021091400
2021091600
2021091800
2021092000
2021092200
2021092400
2021092600
2021092800
2021093000
2021100200
2021100400
2021100600
2021100800
2021101000
2021101200
2021101400
2021101600
2021101800
2021102000
2021102200
2021102400
2021102600
2021102800
2021103000
2021110100
2021110300
2021110500
2021110700
2021110900
2021111100
2021111300
2021111500
2021111700
2021111900
2021112100
2021112300
2021112500
2021112700
2021112900
2021120100
2021120300
2021120500
2021120700
2021120900
2021121100
2021121300
2021121500
2021121700
2021121900
2021122100
2021122300
2021122500
2021122700
2021122900
2021123100
2022010200
2022010400
2022010600
2022010800
2022011000
2022011200
2022011400
2022011600
2022011800
2022012000
